23065348
24947311
32939106
46676025
56065500
56909056
83672837
87659343
103767215
104467491
129333930
134670897
150612595
155874928
156578723
158454182
167242368
183541034
185408069
221016732
237823765
240194872
243631054
246723185
254693116
254941014
257307293
277599139
296277826
297238921
311409406
340693258
346809034
352629956
353140953
354268082
363091665
369554351
396131408
399038664
400123845
408210251
437168574
455767223
459533510
471473245
480008157
481998517
489049447
505464042
506885515
514605406
528757612
535197136
543348997
564043561
565549470
607139471
623507342
641710092
648888954
668217818
676350898
676379153
682652435
686022647
697049945
700066321
710080404
730185697
758780523
767022340
790153548
830725422
850516276
891601158
900824940
907933063
912232945
924050306
924420559
940345208
940865782
957354020
970911727
977889522
977965855
981780092
984315320
1005689123
1016173161
1020399448
1022148119
1032836247
1039053870
1051085187
1060273901
1067127729
1067307943
1069395901
